0.664224 
-0.662087 
1.037603 
0.225579 
-1.681507 
1.523829 
1.690801 
-1.409282 
0.159198 
-0.032441 
0.108152 
0.773924 
1.226468 
0.097719 
2.442026 
-2.189376 
-0.664809 
1.479841 
2.187601 
0.824054 
-0.194848 
-1.393574 
-0.106732 
1.737464 
0.671766 
-0.246745 
-1.103681 
-0.626423 
0.328693 
0.263506 
-1.064498 
-0.287548 
0.637831 
0.997054 
-1.570090 
0.620972 
-0.014398 
-1.846750 
1.734007 
0.718803 
-1.493071 
0.656612 
-0.781371 
0.580998 
-1.825343 
-0.859648 
1.116753 
1.265121 
-0.877875 
-2.115371 
-0.608868 
0.313435 
-1.402234 
-1.640405 
-1.091065 
-1.380286 
0.023544 
-0.727393 
-0.663713 
0.369368 
1.707372 
-0.540553 
-1.653816 
0.505603 
-0.442906 
0.092315 
-0.997574 
1.594606 
-1.819717 
1.991427 
0.548318 
-0.601570 
-0.228321 
1.880306 
1.007235 
0.767140 
-0.523750 
-0.762636 
-1.662264 
-0.218070 
-0.069383 
-1.782032 
-0.016600 
0.378391 
-2.340925 
0.399846 
-0.758591 
0.295184 
0.698469 
0.454950 
0.333252 
0.257415 
-0.218946 
-0.397828 
1.183451 
0.900568 
0.899641 
0.292676 
0.555425 
0.101124 
